[rashmi.jpg]
filters=tilt=1,1.000000,0.000000;tilt=1,1.000000,0.000000;tilt=1,1.000000,0.000000;
moddate=46bafd3a2258cf01
width=699
height=533
textactive=0
